550
561
568
590
610
625
628
630
640
640
642
610
597
602
620
641
710
750
763
778
795
803
815
827
841
835
829
810
785
786
785
792
803
805
801
794
762
758
749
743
730
712
710
705
700
686
680
671
663
650
653
658
670
674
679
680
693
706
711
719
724
730
738
771
798
810
835
859
892
904
919
930
937
948
950
971
994
1003
1015
1007
1001
980
975
971
968
964
952
940
928
911
899
874
852
827
810
794
795
794
803
786
760
750
741
730
726
725
719
712
706
693
690
685
683
679
673
670
664
661
657
653
649
632
628
620
611
605
583
574
570
563
558
550
543
536
530
524
520
516
502
489
470
461
453
449
443
436
431
426
427
426
425
427
428
427
429
430
434
438
442
446
449
453
456
459
464
470
483
497
506
520
538
543
551
560
572
578
586
599
605
610
615
620
625
630
636
641
646
652
660
668
674
682
690
698
706
714
720
726
782
788
793
801
804
810
815
812
808
804
789
790
803
801
805
810
813
816
818
807
802
794
796
798
802
796
786
778
771
782
788
793
801
804
810
815
812
808
804
789
790
803
801
805
810
813
816
818
807
802
794
796
798
802
796
786
778
771
782
788
793
801
804
810
815
812
808
804
789
790
803
801
805
810
813
816
818
807
802
794
796
798
802
796
786
778
771
782
788
793
801
804
810
815
812
808
804
789
790
803
801
805
810
813
816
818
807
802
794
796
798
802
796
786
778
771
782
788
793
801
804
810
815
812
808
804
789
790
803
801
805
810
813
816
818
807
802
794
796
798
802
796
786
778
771
782
788
793
801
804
810
815
812
808
804
789
790
803
801
805
810
813
816
818
807
802
794
