1000 1005
1 2
2 3
3 4
4 5
5 6
6 7
7 8
8 9
9 10
10 1
10 11
11 12
12 13
13 14
14 15
15 16
16 17
17 18
18 19
19 20
20 10
20 21
21 22
22 23
23 24
24 25
20 15
26 1
26 25
18 27
6 28
23 29
8 30
21 31
24 32
14 33
8 34
5 35
25 36
21 37
22 38
35 39
6 40
17 41
32 42
39 43
37 44
23 45
44 46
29 47
46 48
40 49
35 50
29 51
15 52
5 53
3 54
53 55
22 56
14 57
42 58
42 59
56 60
31 61
7 62
30 63
35 64
16 65
31 66
48 67
4 68
8 69
45 70
70 71
62 72
61 73
34 74
40 75
40 76
33 77
14 78
23 79
10 80
41 81
50 82
73 83
60 84
24 85
25 86
44 87
44 88
21 89
86 90
31 91
4 92
18 93
22 94
94 95
10 96
55 97
80 98
72 99
99 100
10 101
17 102
38 103
78 104
93 105
31 106
9 107
36 108
18 109
102 110
69 111
80 112
70 113
92 114
96 115
53 116
109 117
39 118
17 119
17 120
32 121
76 122
53 123
84 124
1 125
117 126
9 127
16 128
29 129
96 130
63 131
72 132
34 133
61 134
118 135
102 136
45 137
84 138
128 139
15 140
137 141
60 142
64 143
143 144
33 145
112 146
43 147
113 148
115 149
138 150
42 151
111 152
58 153
130 154
74 155
63 156
90 157
63 158
158 159
153 160
38 161
122 162
58 163
77 164
44 165
81 166
60 167
3 168
17 169
39 170
62 171
81 172
153 173
51 174
52 175
172 176
66 177
21 178
169 179
91 180
132 181
2 182
95 183
50 184
144 185
42 186
23 187
114 188
88 189
168 190
23 191
109 192
45 193
125 194
28 195
55 196
71 197
61 198
76 199
100 200
190 201
115 202
54 203
111 204
97 205
54 206
168 207
31 208
170 209
77 210
158 211
166 212
62 213
127 214
106 215
40 216
41 217
51 218
42 219
199 220
96 221
88 222
164 223
191 224
118 225
220 226
201 227
82 228
190 229
3 230
8 231
169 232
132 233
114 234
143 235
209 236
227 237
41 238
6 239
59 240
128 241
114 242
50 243
33 244
14 245
89 246
145 247
4 248
192 249
200 250
194 251
26 252
8 253
151 254
104 255
67 256
12 257
8 258
64 259
29 260
51 261
183 262
57 263
235 264
90 265
15 266
74 267
76 268
258 269
108 270
96 271
266 272
244 273
121 274
50 275
227 276
211 277
78 278
18 279
131 280
130 281
233 282
2 283
218 284
231 285
68 286
272 287
73 288
11 289
159 290
271 291
273 292
226 293
36 294
106 295
228 296
270 297
220 298
89 299
255 300
123 301
268 302
30 303
268 304
200 305
275 306
10 307
302 308
150 309
103 310
212 311
289 312
257 313
297 314
48 315
205 316
239 317
211 318
229 319
115 320
180 321
240 322
189 323
195 324
30 325
256 326
196 327
51 328
126 329
269 330
287 331
240 332
104 333
182 334
193 335
88 336
144 337
33 338
297 339
165 340
87 341
50 342
27 343
262 344
258 345
319 346
143 347
285 348
206 349
116 350
10 351
52 352
336 353
3 354
311 355
236 356
223 357
67 358
7 359
258 360
137 361
208 362
355 363
171 364
249 365
281 366
59 367
361 368
170 369
48 370
358 371
205 372
199 373
117 374
10 375
11 376
234 377
12 378
103 379
219 380
38 381
32 382
154 383
17 384
215 385
67 386
7 387
178 388
217 389
195 390
200 391
358 392
312 393
165 394
167 395
43 396
220 397
92 398
296 399
378 400
359 401
239 402
153 403
144 404
244 405
362 406
283 407
123 408
18 409
361 410
329 411
50 412
156 413
388 414
278 415
390 416
197 417
144 418
294 419
8 420
305 421
149 422
81 423
77 424
281 425
114 426
363 427
268 428
101 429
191 430
327 431
318 432
274 433
276 434
415 435
131 436
114 437
142 438
68 439
351 440
138 441
235 442
115 443
57 444
337 445
262 446
327 447
62 448
301 449
391 450
98 451
59 452
390 453
304 454
435 455
409 456
243 457
45 458
298 459
244 460
231 461
442 462
132 463
129 464
133 465
131 466
147 467
220 468
90 469
445 470
424 471
378 472
406 473
129 474
219 475
111 476
175 477
95 478
449 479
206 480
107 481
389 482
267 483
74 484
27 485
300 486
93 487
231 488
295 489
317 490
325 491
199 492
286 493
375 494
430 495
159 496
493 497
359 498
381 499
479 500
233 501
291 502
419 503
320 504
61 505
266 506
346 507
247 508
264 509
86 510
91 511
352 512
499 513
311 514
174 515
285 516
318 517
159 518
456 519
205 520
264 521
226 522
61 523
344 524
430 525
382 526
186 527
165 528
520 529
326 530
469 531
197 532
455 533
259 534
191 535
44 536
406 537
311 538
531 539
484 540
285 541
516 542
256 543
182 544
8 545
93 546
383 547
535 548
471 549
438 550
137 551
162 552
174 553
3 554
278 555
147 556
41 557
532 558
51 559
266 560
236 561
166 562
147 563
193 564
230 565
130 566
258 567
321 568
555 569
124 570
539 571
398 572
80 573
271 574
507 575
92 576
47 577
571 578
294 579
231 580
96 581
227 582
213 583
259 584
435 585
128 586
249 587
566 588
475 589
251 590
425 591
347 592
559 593
202 594
318 595
286 596
479 597
540 598
194 599
101 600
208 601
477 602
242 603
279 604
249 605
156 606
63 607
417 608
316 609
149 610
60 611
94 612
545 613
203 614
38 615
181 616
278 617
451 618
176 619
475 620
97 621
66 622
488 623
479 624
447 625
161 626
92 627
143 628
398 629
444 630
500 631
552 632
489 633
385 634
59 635
597 636
436 637
424 638
457 639
547 640
552 641
334 642
327 643
570 644
297 645
75 646
624 647
251 648
517 649
188 650
364 651
98 652
216 653
98 654
553 655
291 656
299 657
291 658
61 659
601 660
301 661
623 662
578 663
13 664
298 665
173 666
10 667
6 668
409 669
590 670
668 671
358 672
550 673
109 674
417 675
561 676
619 677
49 678
552 679
580 680
340 681
12 682
404 683
311 684
501 685
243 686
581 687
446 688
41 689
380 690
535 691
245 692
310 693
684 694
459 695
299 696
533 697
338 698
377 699
440 700
111 701
70 702
288 703
620 704
55 705
400 706
487 707
478 708
676 709
655 710
565 711
457 712
278 713
52 714
418 715
60 716
218 717
408 718
389 719
84 720
217 721
31 722
534 723
278 724
188 725
710 726
700 727
400 728
482 729
646 730
51 731
332 732
8 733
683 734
732 735
22 736
163 737
531 738
231 739
707 740
155 741
348 742
689 743
189 744
486 745
486 746
377 747
286 748
418 749
254 750
239 751
269 752
462 753
310 754
317 755
341 756
151 757
127 758
498 759
514 760
285 761
640 762
599 763
561 764
318 765
321 766
390 767
128 768
605 769
548 770
345 771
41 772
746 773
389 774
614 775
737 776
642 777
274 778
743 779
572 780
304 781
731 782
454 783
91 784
544 785
479 786
530 787
444 788
751 789
390 790
228 791
405 792
231 793
317 794
729 795
108 796
637 797
168 798
163 799
46 800
457 801
666 802
599 803
13 804
284 805
183 806
351 807
680 808
465 809
742 810
379 811
263 812
612 813
556 814
5 815
22 816
355 817
767 818
277 819
174 820
500 821
124 822
638 823
76 824
63 825
552 826
131 827
275 828
551 829
437 830
613 831
817 832
490 833
105 834
820 835
476 836
418 837
244 838
115 839
471 840
577 841
732 842
507 843
568 844
499 845
796 846
462 847
630 848
797 849
434 850
110 851
119 852
63 853
89 854
132 855
274 856
210 857
305 858
509 859
706 860
527 861
434 862
201 863
450 864
423 865
863 866
418 867
550 868
394 869
507 870
700 871
722 872
412 873
133 874
663 875
754 876
146 877
234 878
468 879
257 880
726 881
597 882
157 883
107 884
411 885
159 886
540 887
861 888
165 889
558 890
674 891
227 892
71 893
804 894
847 895
313 896
420 897
139 898
302 899
882 900
106 901
105 902
391 903
518 904
597 905
679 906
86 907
845 908
279 909
101 910
761 911
481 912
590 913
121 914
189 915
707 916
148 917
188 918
831 919
209 920
265 921
920 922
166 923
781 924
924 925
602 926
287 927
594 928
116 929
556 930
430 931
887 932
405 933
802 934
866 935
572 936
126 937
129 938
86 939
347 940
88 941
905 942
852 943
115 944
425 945
94 946
143 947
30 948
563 949
591 950
511 951
300 952
189 953
861 954
576 955
928 956
326 957
254 958
229 959
831 960
490 961
351 962
281 963
245 964
215 965
576 966
850 967
883 968
151 969
131 970
273 971
244 972
376 973
37 974
267 975
295 976
206 977
696 978
755 979
101 980
323 981
294 982
111 983
544 984
533 985
780 986
124 987
977 988
354 989
422 990
874 991
518 992
367 993
867 994
629 995
467 996
513 997
214 998
138 999
889 1000
658 1
658 24
