10000
4129
4672
2363
7032
1857
6622
5535
8836
8424
995
7201
5175
4457
4544
358
8426
2528
7782
1503
6601
5957
8103
6160
9299
6464
3844
9215
117
9348
8386
8035
3331
1690
8855
4541
7104
2928
5234
1367
5059
2262
9898
5239
2048
8077
3773
8596
4700
7446
4565
2073
8292
4468
8001
5871
9190
313
2139
9966
6341
2226
5230
3808
5499
5653
4362
640
6044
1522
6291
6174
4065
1963
5283
568
3471
4880
2174
9099
7376
1604
7567
113
4866
2385
8057
529
2962
886
5548
2190
6367
3960
135
1017
1793
6313
8387
6949
6940
1611
8943
7736
3677
8315
8611
2920
2233
4908
5545
4049
7366
4401
9386
1834
8831
3628
9891
1816
9046
152
6051
6320
4310
9213
347
1871
3267
8535
2566
1520
3800
7239
3256
2224
9721
5658
1234
3678
7204
7866
4215
6003
4812
6806
1081
8404
4804
3542
3681
2143
8515
8597
648
3484
1331
3811
3468
2353
6633
4511
4522
7904
745
1529
3296
4452
4888
6405
3849
8831
7790
7294
1827
3556
9386
100
4560
6309
3053
9429
3957
8842
5643
3917
354
6350
9101
1730
274
891
8783
3269
2711
8455
452
4069
5964
1046
8341
6373
9348
4028
8357
1608
619
5730
2950
7876
8074
9251
8009
2187
2418
53
7097
2682
9110
7843
2732
4467
1343
6249
877
5318
6608
2575
6169
4939
5446
7412
5003
4453
7975
3373
2168
1670
1218
3921
7403
1191
6397
4329
7217
3370
4648
7793
5370
9332
859
9468
2354
2400
6822
1247
111
383
9110
3700
8374
6771
7173
7679
5424
2339
2993
3674
9508
5813
2628
5487
3860
7774
6304
648
3615
1438
5301
9097
8526
738
5211
5515
4058
3431
5757
7292
3052
2300
9861
3519
930
8019
5338
3174
8536
9953
2917
9119
7181
1743
9902
6163
1163
1833
3909
8352
2949
8569
4506
2677
526
5391
4714
4665
6858
3071
4727
1244
3568
5907
5758
6416
114
4938
3900
4836
9183
2682
462
2391
5160
6310
5090
4156
1590
9199
980
3070
4160
2693
5490
2050
4777
3262
604
170
8048
3070
9353
4139
8733
7652
5146
6338
9161
5339
7260
541
4453
1296
9996
725
771
6403
5299
218
1351
6614
1071
8508
2038
1666
5685
7429
957
8411
1093
8597
8506
5367
4194
9812
4968
3344
2475
4230
3812
4475
9687
3645
8988
6858
7669
4165
152
3845
5475
1537
8090
5814
9885
7666
7599
3335
7532
8952
444
4539
9374
4876
1975
9870
3751
1169
8525
5470
6978
8147
7647
5149
5876
2995
2399
5711
9396
9907
2101
3700
449
2037
130
3322
1587
4573
7285
895
539
1686
606
5565
1897
9831
6964
3327
8910
5519
9663
2640
7257
680
9220
515
5501
7167
5565
4362
7919
9270
3035
3015
4293
3416
5764
4656
621
8130
4837
1732
3061
9704
847
7711
2495
1015
9905
1901
7292
1165
6915
3717
4076
9812
7744
3281
8375
7897
870
8812
3522
7334
8942
7431
4237
2836
5099
7273
1681
3407
891
9301
9516
208
2102
3463
1352
9703
7892
8013
875
8906
1530
3046
8561
3122
8880
3514
6538
9575
6697
6025
1615
4054
134
9326
6448
9706
8729
1308
1028
7325
1076
8816
1413
5405
7683
1278
8059
6586
9947
6410
6584
4510
6605
1072
9117
8480
3626
6888
7788
1786
3193
2126
4012
8696
8672
9096
1630
9497
9936
6476
4916
3348
6124
5202
6561
2654
3798
3880
8504
4476
5915
3029
9252
268
9456
1718
7010
835
7202
3796
4374
8402
2412
6896
6745
6261
3995
3137
6736
5916
4404
4576
2786
3868
6130
1394
916
7315
7393
5935
8630
7770
2073
8662
2489
9520
4234
3372
3643
5237
9138
7953
3512
1596
9844
132
6631
880
3808
4946
629
8395
3310
1050
771
4294
1924
832
1133
1049
6966
9573
3561
1637
9091
9913
3128
8102
3560
805
2595
7290
9590
5291
1457
1063
2032
7525
5891
6194
9138
8213
3609
3514
8968
9405
9392
8191
7752
6188
5394
6363
8127
3133
9148
9594
9660
2406
1473
1553
6867
6486
2514
8517
5721
1947
897
4279
1273
5818
1256
2515
3470
1096
4508
8218
7547
9851
9054
9796
6327
5360
3154
7219
4430
9245
3467
6644
5919
7554
6282
9639
7939
3064
2064
2299
1767
5176
5213
607
843
2752
2907
3560
9801
9054
8063
1974
2131
6816
1151
4906
6566
8584
2068
2874
2902
3549
5742
8158
5143
7870
225
3241
6677
5728
9587
6755
5836
9698
2564
7836
4493
2361
3222
2029
2920
4344
7379
5398
7497
8998
1734
9976
6982
3586
7863
3465
2780
2282
9847
973
6972
4779
5851
3400
8430
3496
7267
2876
5952
8684
6705
687
5945
3216
8629
4288
900
1265
865
1621
2914
4206
4860
7395
8670
429
6255
7706
4859
167
1350
1185
5446
1051
1435
4782
3735
8416
4163
9776
1801
9636
9263
396
3563
4322
4009
3638
7435
9673
5593
185
2658
1530
4672
16
2621
1994
4044
2998
748
4009
9186
6263
9289
4556
2066
9140
9411
6557
5110
6256
229
7729
1970
2903
6160
3027
5086
4852
4249
8903
2835
504
9102
8406
3241
1158
1199
7247
6291
1367
5635
2850
8198
58
9368
3373
9463
2969
6843
8496
1022
5287
380
9377
3697
1163
8210
4579
7374
4191
3628
3886
8956
9067
614
656
2181
8153
5141
390
1694
2103
4764
645
8347
8535
1438
5622
8310
7002
8581
79
6699
3111
687
6955
843
6221
3635
5035
4201
7696
1617
8714
6101
8716
3384
4239
6812
7409
3134
1381
5106
3019
1114
5279
9071
1621
2726
82
8049
5249
570
3778
8503
9705
393
7172
8728
5061
1780
4455
5081
3979
562
7788
1505
7621
2988
9444
1940
3559
4518
3314
8080
2356
1381
9851
6200
6948
4304
2177
612
256
8395
5174
7242
8171
6442
5226
1794
4853
1228
6977
9064
8400
9035
7391
2148
5114
3409
2737
2580
9784
6567
3642
2761
6731
3370
4548
4647
968
3500
2064
7360
2749
3221
9590
6615
5346
8272
7696
8790
6839
7120
3575
1352
9016
2425
5906
6790
6736
4927
3753
6171
6933
1556
862
1699
6627
5903
3345
1450
1251
5880
8235
3028
93
8663
72
4511
7334
8408
8558
9826
7627
968
9821
1189
4343
2908
3735
422
9658
2516
2899
8612
7437
7997
3185
1944
7922
1915
416
3336
3691
6544
6246
7009
1642
9867
5054
4397
4849
9269
2795
1094
1642
188
7800
8210
8047
6260
9938
649
4484
3923
9256
8061
5436
3093
5960
9654
3391
6841
6352
7242
2263
9875
8458
7638
8764
6810
4761
6418
2890
8557
7330
6574
1442
58
3069
6830
4548
4769
581
6001
1269
4933
7916
226
2469
8842
6980
9149
5818
4647
328
8825
6374
9006
4578
8075
1010
9851
3445
1593
5071
4381
97
4069
3696
9148
7023
1771
3944
7708
4735
1657
1052
7490
8300
7273
9820
5820
5688
2535
7845
7795
8013
8709
4944
298
984
7994
485
4146
3944
5093
7040
318
821
936
1757
3008
1884
5626
1440
8676
8141
8652
8646
9580
3256
72
1875
4128
2270
9893
8065
5378
2701
3086
7473
8173
5549
4888
8776
4540
9
6938
8943
1044
505
3852
9188
5924
1084
6961
2950
347
2276
854
1752
2473
6986
4803
5181
5248
8643
3935
8011
531
2388
5222
1516
581
9372
3321
4140
6280
4577
3125
9732
815
9639
5357
1195
1494
627
9167
5832
3056
7374
4195
3740
6067
2745
5890
6710
9967
1664
107
5287
3995
9020
1403
5455
9370
5827
9665
7188
3330
4704
6180
4538
1355
1057
8828
9002
4300
46
5203
7301
1445
9833
8574
7247
5441
9762
7374
691
4327
5312
5358
8999
870
2824
5569
2070
3782
2866
9024
5493
6206
5464
2741
3236
1488
1036
6877
6965
7628
9848
2979
4837
6807
1780
9885
6469
4681
883
2297
7320
3035
3960
541
7159
8855
369
3386
4085
7850
3037
8038
9126
8308
6730
2530
4086
327
4240
9085
6483
3586
2704
8046
18
9955
674
877
3533
8004
1027
4418
472
1131
4528
7441
8076
8688
5986
355
4709
8859
2013
4061
9260
3283
8281
218
5647
2386
1561
5466
9824
226
3198
5409
1217
3924
9919
1733
6687
3127
350
6792
1597
1305
736
434
6050
4905
7353
4106
8682
2778
5380
6545
7299
1257
552
564
7731
8842
4727
1091
6046
1209
5355
463
5588
9572
9164
5415
4073
3237
8546
2589
937
6520
2581
5365
3132
3430
6821
1148
6234
1645
5246
4912
5331
6468
2996
9288
9277
4293
1268
514
5534
1812
5043
3651
8911
2373
4291
2959
8039
5075
3112
8037
4918
12
3565
6433
4522
4994
2108
1134
9220
2377
318
7021
6157
8945
7242
9019
8425
3565
9502
5983
3461
4028
9972
4315
3041
1761
7275
5475
4
2588
969
7204
8726
9707
9229
2812
8256
5279
7360
7173
822
7220
4663
6533
8484
2649
952
5560
259
7147
4484
4996
9262
9078
4742
7498
8202
9309
3012
5660
4583
745
6875
8863
2718
8648
1125
2072
9516
2280
6032
5533
9875
521
5107
1186
6294
3440
8573
5276
9523
9476
6533
5990
274
890
1008
5960
9261
6011
3448
8988
4902
2573
1926
5296
3156
2956
7172
1782
4520
7216
6675
7357
1820
8279
1246
2323
7232
5203
1778
4506
2730
8543
9298
6118
4085
3441
8339
9450
1050
5355
301
8330
5885
1430
5064
3436
7417
7341
5028
5638
6091
9728
7646
714
700
103
3239
9556
4934
3224
9309
886
9059
1188
9487
8564
5849
4417
5175
2982
9605
3507
5397
8531
4424
4355
1027
4544
6098
334
4775
2838
9992
2891
4536
6499
8699
9240
3397
7324
7508
7634
2304
4212
1065
2427
8936
2681
4016
2970
6997
7623
85
4132
1285
5602
8991
8924
653
2859
127
9593
8723
9642
4527
4319
3210
955
4994
5047
7828
4334
9833
4363
2245
951
8607
7807
6752
7531
1980
3787
3872
458
4974
4708
7656
89
6118
2169
4132
7287
1139
5146
1488
9197
4975
1850
494
5046
9536
8603
7170
9381
5560
679
7663
8323
7297
6256
9213
3123
8524
338
8583
5842
2040
778
5184
6569
1935
8826
8439
9959
5417
1060
2955
3101
890
8571
7160
8691
3602
2930
1837
7869
4538
6294
6343
3897
6629
2823
665
2199
5734
5890
9682
2319
5329
5440
6336
361
4236
9692
9224
22
2157
914
4106
9476
302
8538
9387
5375
9243
6307
2661
9190
8133
8292
4474
6132
3152
1074
7639
9272
1284
1194
9209
1629
2140
3432
2585
85
6342
6514
3328
1563
1883
6162
2064
5447
3644
2532
6964
1279
9456
8127
6685
3817
6787
2378
250
6562
8854
5610
1289
3980
6522
8703
607
7156
8288
2971
642
1662
5642
5808
9159
4248
2520
9154
6230
7562
6617
9910
5004
5742
9554
1483
1214
6723
1685
3838
6933
5792
3276
5799
6718
1497
6252
7740
5748
8526
4454
9659
7187
2792
3888
6134
8895
4264
1070
9197
9694
8256
1378
5532
2081
6030
108
2065
833
4352
3600
4704
7506
1645
7931
1337
3501
4694
4392
9631
4458
3525
1743
9863
4307
6230
747
5405
6157
8434
5264
5591
1437
265
1808
6009
1833
1464
1030
1313
9501
6468
9189
1608
6955
1628
3638
5636
6327
2378
5465
626
9932
9097
6664
5485
184
3052
4512
240
3869
8305
1181
8792
8731
6278
3967
3682
704
5422
3850
1379
4309
5227
9229
1144
2769
34
9327
5735
2161
4596
5480
2201
5670
9025
5185
4778
729
6841
1364
306
2832
2992
5852
804
8913
2995
7724
5772
7173
5067
1239
9310
2161
9111
9965
1885
2420
4183
9764
8958
4214
9167
3676
5329
4767
9594
8411
4607
4911
9593
6532
8886
9809
2804
5439
661
5246
1890
2573
3990
1274
3859
2743
6735
6355
4014
7549
3157
5946
1463
7878
9045
6430
3649
8297
1781
2566
5420
9154
2269
9294
9581
2420
1048
8231
5015
9899
5724
1181
2665
1437
7202
8332
9309
9659
2590
7999
5840
4860
5944
1091
6113
9150
6969
337
83
2009
1779
4050
4784
3338
2772
2208
7316
3046
1313
7625
4987
9145
6202
405
1978
8139
8079
5163
9387
4785
7621
6095
4663
4482
6370
4523
8183
7459
2127
3755
7494
3833
3680
8062
3089
9941
5926
7977
8343
3740
2572
6852
3203
8154
8611
3925
708
5102
3525
1471
9798
4345
3218
7860
2435
2812
9533
4331
2430
3510
3060
5301
6670
4053
1277
9369
4825
7479
1424
6786
6155
1492
7552
1107
4962
4629
8529
3250
3195
6835
5803
828
4488
3269
3055
60
3384
538
2898
1159
1870
9618
9515
1216
3412
5125
9716
417
6167
8590
2087
3643
701
4346
7005
2938
7248
9505
3959
8737
5982
3823
8595
8040
8878
4943
2249
6577
2366
3851
5981
9737
7180
9973
1965
8075
10
2457
2198
7047
9498
7078
4419
1182
9303
8745
9534
864
6324
912
619
1036
1362
353
3697
9535
7640
8726
4534
9414
476
2677
5252
3317
128
4297
9148
542
6749
5784
9381
5876
5567
4911
3846
6461
7963
9701
4304
6210
9350
1784
7420
435
891
8670
7742
4315
8042
4664
335
93
428
6217
1272
9023
7619
971
9841
1081
8207
6317
7260
8473
4376
6368
6613
2669
2925
4031
5039
8321
3714
4901
3666
8618
1020
4059
4952
8450
2095
5051
5608
6179
3109
3195
1816
721
8025
668
6792
2763
8844
4832
6094
3238
1721
7790
4395
1952
8218
5121
9774
4109
7126
5064
1436
8847
6973
3969
9874
5460
6797
5043
6529
5550
9211
3835
7974
7665
7743
936
8179
834
892
9825
6929
3210
8539
9640
8179
5933
1454
6070
3185
6761
5101
1178
2741
3116
2400
5377
8036
8706
7936
3698
9017
5990
5614
8565
4947
4598
8595
7484
8515
9181
3512
2399
5646
399
9362
3409
608
3379
290
672
637
6992
2810
1202
8427
5408
4569
7967
2816
3348
7428
1219
6739
3141
185
6028
986
5
2769
9811
8330
1918
9506
7614
5155
1616
1943
3696
5627
4188
323
765
5836
2003
3473
8660
5297
4575
7408
5307
1965
3079
9308
858
2786
6351
6061
7492
5735
4178
2841
4321
707
1039
6460
37
9144
8224
3566
666
5788
2894
2244
7421
5652
7166
2624
594
9623
1772
952
8771
3458
19
2584
3793
3875
9777
5272
7158
4213
5977
6553
6840
7891
376
1763
7640
181
7051
9389
2182
3628
8249
5923
1455
1581
1552
7712
7919
4303
1547
6696
8278
5798
7007
7958
6417
1308
3577
6130
6646
9238
4716
1638
2851
5769
4350
9601
2666
1075
5986
434
7807
1903
9165
219
5516
5701
762
6827
2648
56
1558
4488
5820
3722
8622
7692
3946
7831
8812
7360
4907
17
2358
1882
8206
99
4330
9903
4937
9353
3273
5192
9196
2247
4875
5960
3330
2390
8811
4255
264
8501
9721
5074
3568
8548
6259
8684
755
5504
3017
8439
1126
4407
7542
8798
8274
1504
2946
3924
5007
9232
8076
1939
9576
7554
6012
3977
7189
7883
4797
3101
8669
4884
8022
946
1567
5356
3497
2318
2347
1896
8042
2338
687
7548
3591
4909
4340
1342
987
4796
1034
9349
7453
9041
7269
1397
4285
4918
6648
4966
8734
7522
8016
5372
5186
1031
560
9699
3997
9148
9701
5534
5585
3142
957
3493
4646
6946
1384
644
7251
859
7087
8731
316
4563
9671
2392
4177
5460
7070
427
1582
6035
6207
6219
4001
9428
1983
3684
7518
7181
568
99
5852
1341
415
7585
1645
8259
5677
8321
3409
7915
8900
7688
6134
373
9326
1450
8891
4028
5163
6928
4938
8462
4120
7130
197
1331
2017
9907
7721
2002
7722
6689
1216
574
7843
4322
8187
7306
8267
904
2902
9319
5250
3090
7347
2174
1255
919
9489
6094
2388
1182
2152
8545
60
7216
507
818
6208
9969
8526
9297
4299
9953
8559
1142
6074
2179
4480
5000
1229
5788
2656
1856
5888
9509
6554
9741
5462
1909
8394
4814
7553
2769
4391
5300
9934
4611
9437
4763
6096
8720
3636
9812
6506
760
4828
285
9801
6600
5278
1714
6826
16
8594
7178
6998
8044
2521
5901
9015
4906
6223
444
7363
5024
6416
6257
9163
8963
7215
4379
8496
2309
5262
271
1076
6827
1478
8328
1635
3062
5135
6171
7632
6597
4834
234
7328
2500
9278
6983
7841
9999
2603
2995
2054
9246
1900
4819
6132
1135
3218
4916
3375
3142
9541
6774
724
198
7925
7249
3797
7935
9915
4082
9988
7444
7077
8424
629
4193
1781
6619
7945
5838
6554
7779
2698
317
1950
6893
2152
2647
2515
5958
2243
8245
4217
5354
617
6622
3001
8108
1263
369
1089
5331
9758
4273
8067
7707
8116
9706
5652
4245
2020
2667
2482
6283
1140
5303
2396
4581
1618
619
2319
3955
1982
5750
2918
2069
1052
6722
3987
4991
522
3011
7764
9762
7427
4215
7852
5961
1029
8853
4026
6095
3529
6351
6365
4463
6244
761
9013
2981
7857
4739
1850
4332
25
7373
3387
3760
8756
8369
1883
3389
5609
8321
4617
5982
4920
8422
7143
9094
187
9526
7341
7808
7192
7750
1708
1023
77
7125
8325
6249
5597
4522
4054
5567
3792
7681
8622
3632
6022
7791
5042
1204
2637
8999
4927
2410
110
5323
6170
4164
8718
780
2013
8286
5500
1299
9315
5108
8874
1873
1817
9696
8282
6451
3035
2573
1657
8193
1386
332
9478
3015
4989
5788
6357
2391
2373
7963
7259
8697
2940
5426
3517
7923
1074
8843
1394
511
2768
5317
1692
9284
5863
479
8549
8082
3272
523
3380
5936
2066
9886
7138
4222
3795
8038
979
5762
1094
6172
8474
6037
442
6612
4118
364
6106
5213
5913
8737
7606
1962
3297
872
9715
4303
7902
5419
4264
4065
1296
7158
5922
244
5382
3889
1972
1558
7530
702
915
365
1826
2233
8064
4128
8805
9082
2992
1168
4285
8674
1648
5450
404
6605
1273
8888
2788
4146
4992
3802
7429
9334
312
6586
4624
7348
6849
3272
4361
7035
4940
1219
9630
2219
2772
7478
307
7081
9299
3799
1698
8551
3179
2719
5831
9855
5061
971
325
8905
8851
3301
4161
1036
4947
9695
378
2721
4817
9401
5455
8080
2766
6011
4758
5822
1238
2144
9721
8576
130
8643
8786
1971
5835
5109
911
4203
3362
1261
2075
3139
1243
885
8129
4930
3014
4353
546
9522
1360
3728
5248
5613
9789
8780
2228
8626
4494
2379
5354
5549
9918
7751
8758
3697
7559
7707
1880
3993
4023
5520
7447
6530
9817
2886
8918
5699
9513
510
316
2423
4279
9193
6324
4363
2844
9547
670
1594
9580
4903
42
5526
130
2793
255
8966
5993
8715
3579
4572
9460
1508
3670
5512
8377
6113
3655
3458
6333
4220
9701
5743
9620
7161
3769
661
3521
247
6499
2897
824
5331
4227
132
1847
8870
148
5766
7866
9977
3044
8911
8569
5721
6856
4929
9463
1794
8014
8297
7531
628
64
7813
6308
8292
3764
8312
3745
4783
866
775
5404
605
500
9783
6561
6762
1251
8587
3552
8491
3038
2711
1461
9538
9981
3353
6551
1598
1051
4412
4086
9858
3637
3979
7464
5282
1087
5257
6155
2214
5385
6237
5846
4481
6495
4584
5897
9430
6928
8454
4764
8814
6197
8489
4672
5034
5604
6223
6952
259
7792
1104
6140
8277
8192
65
4569
647
9450
541
388
1768
5895
8238
4234
6737
1013
3418
5266
5516
566
9973
4102
1316
7556
283
769
8583
2078
4167
4217
335
9111
6746
1187
6500
6626
6593
8854
6747
3996
1214
5557
6439
3982
4494
9663
3557
84
5394
9581
8518
5234
2423
5454
429
7052
3225
7699
7533
7461
3961
5299
6322
6362
4015
2616
8738
6477
5357
698
3546
2780
9358
219
8141
2870
8514
1008
4312
532
3035
6842
4767
8305
9113
4642
601
5133
5968
3981
3376
761
2819
3871
6175
9276
4042
1249
3081
7017
9255
2860
7221
2838
4428
6454
468
1810
4952
7710
8824
7621
6362
5998
7004
2566
261
9798
1778
1233
9390
7303
8715
4891
7192
1751
3249
3804
494
586
7470
3853
593
1922
9544
5087
5918
6134
5853
1252
7944
2878
3949
3390
4060
6534
232
8284
9904
4610
3732
4741
8312
9555
2166
4974
9793
5797
5470
8389
5725
4127
2352
2559
3335
6585
189
3397
1076
2227
77
6709
1241
5167
9789
1827
6309
6358
8598
5520
282
1914
1656
2902
3725
5423
107
1184
5748
2275
912
7709
7345
3148
4939
5255
5612
7668
7942
1677
4773
5855
7587
1705
443
3762
7406
4961
59
6517
5256
9139
5107
1883
257
3549
1659
8966
5652
6499
5953
5896
3175
3071
4616
10000
637
4192
7191
3925
8532
2526
1905
7867
2758
7860
569
2677
1340
5743
4060
9409
8017
2312
4788
995
1844
3693
8531
150
6042
2649
732
4938
7058
1496
8979
8535
2655
8774
3034
8650
2861
7624
7547
2547
9177
6922
397
875
1083
6497
1538
3712
3678
6820
2835
1466
5365
8810
1021
7255
8411
9382
6460
7921
9776
5590
8153
6313
1059
3355
4148
9808
3495
2975
2681
8410
586
7545
196
862
3972
9174
2019
4945
6704
6586
5857
164
6531
5439
1487
1114
5564
9929
1414
4113
3311
5372
830
6236
6022
6861
7476
4324
9949
997
944
8513
7877
2991
5852
7639
490
1953
2272
9716
3926
2813
1075
4539
8230
1876
6058
4626
6418
8149
8374
7149
3593
4552
31
902
6188
336
9252
2763
7772
7222
6062
4903
2822
3304
2850
6607
7632
969
5762
2346
1105
3952
6215
2284
4585
8521
7696
3655
3106
1140
5114
5263
9312
7332
5774
6756
8980
619
5152
4636
7222
9797
9948
671
2734
6489
2743
4938
7483
4586
5648
8648
5603
8904
514
618
6475
6926
2712
3685
5997
9381
1187
6359
1024
5975
5652
1188
3282
7684
5834
4891
3019
5384
6914
5333
5426
7477
5980
1773
2461
7269
7679
5708
1799
7486
7843
5777
7276
911
511
568
8312
6662
2260
3670
6813
9543
1872
5023
5012
9152
1400
8022
1725
5508
9754
3092
8692
9387
7335
360
7957
4142
7323
4474
635
2490
6877
8556
8002
1496
4759
2230
8310
5882
6434
1650
7420
2225
5225
9754
9259
3892
6489
2562
7472
5926
2473
6975
7148
7529
7098
1431
1723
5134
1037
8533
2099
8701
6889
4523
2128
7390
3115
9695
7525
3265
8076
2476
8348
744
8013
9771
1301
871
8262
9285
1444
93
2363
5230
7925
8029
3298
5656
7983
6798
6298
6236
5193
3153
5564
6125
6898
3558
9826
8055
9644
424
1573
5339
7408
4469
8924
2246
9365
9490
9690
5076
7705
4823
4352
2714
6975
1970
7249
4535
3592
6974
6573
4373
7116
4999
2050
4021
5444
6265
8480
4444
6654
7456
7705
9620
9163
3616
93
7302
2298
6995
2274
6644
7610
7453
8199
318
5539
1840
1562
2851
3014
6070
4158
8233
8802
8990
6036
9908
6103
6048
1660
5049
9762
3285
3081
3063
7891
6685
2671
7148
7889
4504
6285
1527
2557
8080
8820
8397
5716
3418
7006
8564
4520
7964
9949
1543
6935
1135
3053
6288
1738
6725
128
1181
836
5282
855
3165
2138
2283
8869
3040
6041
9612
1312
1173
3665
5145
1190
8313
5111
1546
1965
7496
9766
6686
5011
5676
2962
8048
7387
4888
1162
1586
8056
8452
2430
8714
1415
4386
1803
2731
5829
7120
8796
7255
4577
4392
4718
9511
2789
1338
3099
8629
9936
3234
2779
3786
9375
4364
3225
4793
7243
4257
2580
1281
2775
1703
9266
8886
7977
1765
8758
863
6252
9145
4127
2799
8311
922
626
8986
327
1252
6928
4808
907
2596
317
3275
8358
8777
2555
5045
6156
8567
9972
1625
2625
3319
8984
5077
4192
3710
7614
5661
9045
7687
1490
4266
9056
3575
4187
8954
8429
9339
3588
9643
8667
5798
6935
9353
8769
1673
1659
3351
9681
6430
2114
2945
2286
811
2254
4187
4523
7110
8927
7995
3490
6348
1773
672
434
4848
8896
9310
8362
8200
1744
7094
6968
4017
1875
5462
1397
1646
8870
1259
6578
8768
9409
903
1379
9494
9221
1948
8757
4497
3063
9337
6773
2403
7226
237
7790
5997
9538
5582
3557
5273
8073
6528
5809
3674
8471
3643
4677
9692
3001
627
9637
7989
1610
7019
385
504
8844
6183
1010
7229
7784
1378
1865
5722
5368
7637
3437
3715
909
9866
8650
319
2998
3470
5012
9997
3985
5840
3299
4584
2293
862
1182
3346
907
7413
9181
7101
2566
578
1063
6369
112
433
2202
3723
7425
7065
3946
7490
9470
2101
5001
2274
7819
3177
8918
6911
148
9327
2016
7832
7174
4462
8982
7725
427
2681
2689
1358
7556
7071
4508
5558
836
2694
3937
6415
5331
7488
5574
5681
3751
7619
4007
6294
7583
3204
807
1845
9590
8636
9488
8089
1708
141
5571
5157
5040
1367
1621
6092
2481
5288
4115
1233
5780
7080
6749
4839
7056
2597
543
2463
2520
3212
3078
5787
6057
289
2564
5664
408
4199
8105
147
8596
6759
1675
4521
1926
6420
416
4582
7534
9749
3817
3823
6073
9141
5173
2386
6952
7163
8377
2421
8964
6408
910
7097
8449
3620
7628
9615
8760
4814
9230
9585
9794
1079
868
3621
3645
4615
7078
3870
2685
5357
9150
1120
2862
10
2426
2294
9345
9490
2870
7997
2863
6685
3391
4155
9726
2455
1353
5524
4854
5844
3161
5240
1366
3651
4058
4707
6423
7362
4604
7185
3047
122
8871
5920
3092
7488
184
9333
5615
9249
903
7343
8190
5250
4519
226
751
4129
4740
8684
4330
9918
4204
3852
6666
947
9052
7331
6783
9487
2268
6576
1709
4697
2003
5472
5148
3238
4209
2571
1418
2028
4651
4003
29
6563
6239
9443
4445
8950
9851
8275
1602
8217
4412
6640
187
595
1715
8810
9661
6178
9830
7576
166
8252
8080
7262
4347
7053
8048
8063
4804
5220
9290
4132
1622
5691
2450
9103
2762
269
9117
1552
3288
2213
9534
7778
6311
6048
8658
5591
8478
8742
1433
9670
2384
3540
9485
7258
1118
8130
7377
1402
8958
9439
5276
6246
3661
9499
3925
6402
2486
3073
9635
8779
4303
2483
317
6657
1372
6378
1366
9282
2302
8984
1711
1560
3728
202
2406
909
7605
4714
8959
7251
2064
6266
6595
2789
5889
2101
6134
750
355
8426
2185
2554
2933
3828
876
8261
9598
5534
7568
1214
1555
6954
1155
2530
8023
1320
5251
66
802
5272
2738
7262
1259
3256
5261
1228
5294
1456
9903
2033
726
864
9505
2458
5984
8200
1484
4961
4805
1572
1359
5474
8582
8374
6919
5455
9150
566
9430
7080
1370
7994
7675
602
2777
8985
9896
5378
2121
7405
3637
9634
2939
4838
6983
3417
3134
8752
2255
6221
1401
2319
1318
7367
9621
8270
9049
4589
6706
2200
8774
4694
9862
4750
3601
6116
7786
2033
5959
7779
1146
5707
3178
7624
222
3095
9687
4535
3630
8029
6822
898
9627
1550
9845
6377
4560
1845
423
9662
9615
1107
448
247
7878
3591
107
7619
8082
6262
3333
6002
5001
5199
360
6264
759
8640
2470
2330
5120
9710
8667
3361
382
7041
8977
929
1714
761
3160
7563
6903
6354
9280
2998
2352
8007
4015
2397
2794
4866
6633
255
7984
6652
5696
2935
2420
207
1725
1718
1176
8521
8155
1322
693
9861
9159
3795
3335
6919
6172
8458
7325
9830
6547
2436
2708
5040
7904
4703
2792
8418
2409
9181
3518
5399
6316
7455
6175
753
9313
4115
2013
795
7862
1117
1069
9255
5892
3686
9617
3045
9984
3801
1316
1543
500
7289
4725
5613
3762
8259
5891
1180
9971
3256
1755
8618
1628
1998
5978
4424
6612
8393
3539
7888
6298
6346
8603
9364
7001
7254
104
9534
3766
454
39
2189
1335
858
5863
4273
5463
6437
883
1550
365
6219
4903
6837
1909
2840
8904
5286
1182
9085
1371
2690
726
7802
3757
9836
9496
7387
4929
1081
3023
186
3108
1970
7838
6262
16
9957
3476
4091
4236
9265
7363
861
8082
720
6079
8179
5299
6672
9351
9565
4184
2061
9838
4913
7259
2269
680
6594
3664
8790
8178
4122
4395
5757
9847
768
2303
6390
9522
8209
6446
9109
9003
5472
2421
2562
7098
7361
6406
6143
3644
5614
3458
5325
470
9212
2199
4918
9065
8778
3554
2616
6371
5672
4018
8806
6115
5059
9114
8190
6030
6673
7973
9059
566
7633
3085
3192
9837
7458
6009
7254
2946
6034
7787
5368
7221
3985
9419
8415
9563
2334
7563
2286
355
9544
231
65
8454
6584
8084
4821
9978
2297
5472
7136
1242
1675
403
4886
5429
6562
902
3906
9266
8664
1972
3843
7377
683
7429
7778
1751
728
6767
460
2388
2461
4321
3862
6458
8043
8583
5855
672
3439
186
7836
3416
1145
7256
2017
2334
2950
4951
5308
666
3379
7972
9057
6695
1939
8976
6768
9017
3017
7342
3568
5017
5896
9972
8842
9521
9776
4293
1707
922
8811
5082
212
5924
2083
9972
2597
8092
9989
1605
4225
9436
3221
3133
1122
9261
2845
5857
6402
6051
643
8661
1565
7960
1569
7627
4613
7481
5584
5566
9243
17
5609
6210
1270
7878
3850
1108
4812
8615
2796
51
1882
3260
844
5091
2781
7626
3715
2886
3847
1539
9423
311
3598
5610
8144
744
6438
5215
9855
9205
7011
2702
4396
5765
2285
59
6046
8223
6192
8939
4745
7891
4547
9172
1787
4373
2796
3240
1700
178
9689
1826
2373
5962
1200
8088
9334
7255
2512
2695
8391
2374
382
1919
6126
4893
2248
9249
9498
2304
3107
2647
7346
178
1389
3277
4505
9641
2961
3326
9648
526
4713
4317
385
8534
5245
645
498
5096
1069
9096
2764
2506
9715
3270
8300
5348
2802
3670
8063
1462
4467
3656
5611
2790
4326
5820
417
2520
6759
5668
1217
170
483
6750
3743
2067
3650
3760
5519
4383
2486
8111
422
8889
1817
8434
7800
2953
354
8135
4872
6497
8745
8574
8500
1754
5671
9874
885
1337
7379
6465
1526
146
4935
9118
1406
2376
3444
8274
7951
8059
4897
3922
3550
5848
463
3595
9528
8086
2653
3194
8426
6594
8116
5891
7324
7166
9006
539
7671
8010
1007
2186
6405
6354
2858
2731
1591
163
6716
7390
3647
690
6731
5808
7154
5115
9453
638
2028
8060
4097
7815
1953
4040
7817
4606
4323
736
4385
4308
405
4509
1743
7102
6043
9340
8995
8386
4802
3429
378
7718
3830
8489
5894
725
8888
2821
4987
6656
9011
9284
5789
7591
6405
2256
8293
3427
4779
3688
2192
4783
2593
4252
2089
3518
4711
5772
9698
9897
6413
6608
2739
3824
2133
7089
8274
5843
8777
9104
3549
8558
8630
2086
1280
4635
8345
4039
4354
4607
6800
446
9047
4111
5889
991
8533
7845
1323
9215
1073
7289
3052
6526
7505
8048
9754
4938
5744
3578
3245
1037
1077
7917
1468
8173
5325
4063
1895
2988
8362
3230
7301
1249
7422
3105
1296
9968
7642
1144
2483
8752
4555
18
8288
7322
1929
4242
860
1895
661
2083
9777
7673
136
2857
4770
7496
1915
8021
2709
1782
9054
6455
6390
9891
5792
601
7237
5101
6516
8882
7611
6420
2847
2769
9330
2502
3475
2909
2469
423
1916
883
4786
9517
7030
5243
1259
803
2134
5317
5656
3063
3170
7947
3207
146
3089
3816
9814
6553
3628
4119
2413
6910
9375
5701
9626
5549
5302
1621
4627
3504
7298
7660
7127
749
6952
8087
960
2414
8948
3935
3973
4672
5959
2072
4403
9139
9011
6885
5258
14
5861
8029
9257
1924
440
4109
3803
8281
9364
9167
3905
9248
2828
5941
2144
3216
5194
8424
3606
5273
2920
9330
3245
5558
4406
2173
4413
6162
2721
5308
3116
7450
1445
4324
33
9613
5103
3302
8536
275
281
7802
425
4585
3511
7411
9174
2110
5402
3383
112
1125
4536
4539
9463
366
686
6492
736
5815
417
5752
7288
4599
4864
7326
4735
3731
3634
7041
2355
1084
3713
963
5117
3800
1821
3526
7288
9948
7214
8721
1116
2042
3119
9395
1539
6733
2492
5991
7480
7287
6220
114
120
6906
9731
8260
5486
218
2861
5317
6652
8629
1656
9310
7771
1789
3086
2009
555
2416
1539
7996
6561
7244
9149
4829
6514
6290
5025
400
8054
8550
364
7640
2286
554
7996
2965
8772
3283
9229
8662
8341
6932
5456
8570
4849
1536
1175
6034
9467
3078
5210
2878
6165
9489
6752
4991
6510
174
944
121
5520
4524
3983
8482
35
919
9469
7358
6558
2760
5310
4012
1510
8522
637
3193
1716
7886
1220
8219
4007
6681
4049
9042
8806
6765
7160
8103
712
1546
7690
7299
4816
6255
68
64
3596
9933
2229
3501
2678
628
1349
1681
6980
2519
3223
3533
1665
7072
8605
7796
8502
9942
6182
1742
1770
2870
5090
8836
4162
7724
7725
9259
912
8793
7336
3858
5435
9534
7207
8236
5762
9077
7623
5691
7309
7151
5615
8919
8272
5432
266
1359
1437
7830
7467
5256
8258
173
1772
9741
7788
1289
4717
9513
1486
8920
8463
5257
4433
195
2648
965
7453
3248
5520
4773
3837
8934
362
3802
4380
7971
8822
275
9384
5198
3858
1078
8521
9013
4754
5739
7053
2133
6933
5463
4619
6724
1254
2899
951
4363
8483
678
9576
7520
5047
5701
1884
9901
4970
9300
4006
6939
3955
6650
1497
4691
9550
2445
9833
4796
9147
1351
502
8661
6476
7702
972
7413
3918
5714
2753
2788
8375
9082
3861
9727
1546
1363
5824
2849
3740
6874
7367
7055
1973
4764
4099
3430
5992
7465
8969
4664
6034
6258
9048
6644
6224
5576
3857
3976
578
4889
1773
3177
8519
5840
2075
2193
9672
9606
6685
3878
8607
1041
8048
7067
84
292
7884
838
9216
5011
6597
5030
4487
2707
9474
9717
2446
902
5709
6517
2699
6109
9399
9644
6913
7104
7679
3204
5781
75
674
3886
722
9384
9205
6698
4387
3055
3535
280
958
164
4306
7601
9759
7293
5202
1970
3981
2111
544
1487
1714
9352
3515
7488
8462
7442
8872
9018
6234
9811
1310
6552
8610
5664
9420
5344
3722
1645
8732
9312
9507
2362
7981
6462
9888
7797
449
5707
2817
6725
9937
1559
9280
1046
3771
722
2171
8956
7071
3530
2625
694
8957
5231
2887
5972
7022
8381
7197
1902
3611
328
3084
9480
8749
6695
3509
67
1297
8719
5873
319
924
7971
6479
6202
2865
3467
8330
1691
8192
645
4160
5938
5557
491
5599
9450
4852
2997
4003
7770
9607
2901
1802
2044
9861
9175
5493
8421
5564
5835
3662
6445
2902
7090
7151
8943
3417
4765
7040
4879
5162
4066
2767
2521
8842
4541
9190
2406
9685
8997
7247
578
6537
153
4538
4742
5849
5910
517
9676
512
4457
1090
4647
1650
7937
3728
7132
7928
7817
4812
2405
6144
5432
272
5390
8198
5693
7137
7974
3853
3941
2804
2305
7490
4882
8862
1779
5995
73
8428
17
7293
4074
5910
4284
1573
2163
9059
5960
5429
4475
3128
4317
6815
9899
6697
9774
6163
7432
3842
2114
6760
8476
4849
6117
4687
7880
2257
5831
9164
4323
471
4165
8368
9632
5343
9173
563
9987
1470
6904
913
6979
9615
9387
5806
2442
2223
4224
3836
1396
6361
6
5392
1743
1113
5602
3519
9313
2308
478
2592
8646
9640
1126
4280
2303
6330
3008
5202
6814
1040
4521
383
4164
6662
8050
5123
8654
5376
8966
215
8084
3879
9723
6839
1283
7625
9982
9833
8858
1263
6838
6602
7354
3252
2656
5904
5575
9
1955
5716
7480
4321
8506
1673
1339
4751
1363
4020
5365
246
6605
2176
8271
1148
6149
6550
7646
1408
2641
199
3635
2273
8196
2733
6676
2804
1922
2214
9293
3208
9939
2270
5566
7025
7814
9975
9522
2437
7376
8152
6156
9431
2359
4664
8300
8369
2514
812
5229
7133
5336
8285
5766
5739
7902
7671
3047
8851
8942
6108
7932
6115
2700
2551
8152
8791
2296
9061
7734
6019
2266
364
1858
1573
4174
4257
9830
6150
2737
5149
3611
4799
340
844
5591
1556
7368
7613
113
635
2427
7658
2435
5638
1740
3390
644
9655
5785
2457
1579
4755
6496
2161
4491
6818
9819
6541
9065
5818
5435
1988
383
7869
8812
9185
5619
8548
2044
24
1555
1381
5412
2456
5608
6580
1513
6616
4502
4463
2784
3512
225
4706
7026
9717
8825
4498
7346
482
5224
8567
3865
4429
6599
420
1357
5029
4901
5084
9401
6001
2656
1547
55
5287
1951
3602
4481
1753
5135
9636
7211
5768
3785
7619
4476
2024
6097
5235
6110
2237
8728
6843
9035
7397
7640
8532
2641
2972
1114
6032
2920
8493
5541
6358
8612
8744
2091
3800
82
5250
6499
4326
5270
3638
4798
588
2128
1989
1777
4043
5056
390
168
1862
3989
5998
2999
403
5346
5115
8596
1247
786
7048
7973
9876
4386
5560
9269
3560
5415
94
6771
3558
6945
3194
5789
2648
7501
115
7537
5072
6391
5983
3237
5705
313
6790
7197
7997
5746
210
353
8025
9796
1299
2491
1187
9489
1333
8637
471
3888
3909
6794
3332
5215
4236
3979
6981
1381
1640
1166
1456
7354
8507
898
8206
5943
7461
4999
9634
2244
8935
6762
6437
7800
1843
5614
5661
3150
5033
3561
873
6866
9201
3287
5416
6681
9512
3363
9599
7869
7595
307
5391
2243
4884
1148
3268
8393
9072
3651
4009
5803
1607
6723
7299
3
6372
5340
734
6788
5318
7169
9627
7937
704
1965
1099
3559
9459
2667
9099
7782
8371
7311
832
1140
3028
7399
2447
9279
2790
8852
1052
338
6038
9246
3912
8988
7809
9648
7628
5582
8769
1867
689
1209
5916
4908
3147
5446
8638
1126
5736
133
8481
1705
544
4291
9493
4019
4670
1396
7574
2836
1501
6261
3765
3162
9789
614
4504
4716
1422
3847
5845
7778
4855
38
6428
3983
7464
9614
2240
2669
3707
7337
1764
9973
8893
9761
464
6239
2896
7428
6322
9805
7962
9588
4400
5318
7420
2389
8189
6473
4096
8762
3521
8515
6177
7432
7365
435
9403
4385
7660
1684
5287
4181
4357
3647
9980
8252
8049
5344
2569
9050
2790
1717
836
8846
6029
3779
8779
8863
5331
4818
7358
8400
8250
3888
3314
1975
5526
7566
95
7938
524
2432
5300
4564
3195
3418
7132
5799
9374
7885
8847
3168
8126
3782
974
7897
955
151
5122
6400
4116
7095
8136
1538
5504
4208
7964
7839
5033
3264
172
478
9176
1174
6421
2730
4110
8494
5182
230
8706
1932
9364
4018
5876
2900
4723
4686
9007
9998
2085
5271
8734
2304
2543
9242
1219
3142
3813
7302
6114
6703
8473
5936
7184
6834
4340
72
4794
5249
8381
2046
4655
3035
5031
1302
6240
2018
9535
3194
6856
1825
9299
6053
5928
1153
8197
5335
1819
4882
750
6360
1622
3242
4283
8093
1623
376
2055
9126
549
8931
3200
4212
462
4383
9269
2118
8691
6877
5063
8406
6499
1924
8730
9712
5845
271
2598
3048
9363
6822
1883
9478
8347
3323
5595
9259
9038
8393
2877
9164
8948
2059
1054
7524
7961
695
6967
4069
7417
5987
2429
903
6537
9425
8894
248
1055
528
893
1384
8551
7439
7941
3992
4053
5537
116
5907
4074
6999
1049
8230
8792
2216
8961
5962
8230
4768
3239
3135
5471
6190
2787
4862
2351
5881
1349
4623
9106
5074
6061
1203
1288
8459
1346
610
1313
5976
9123
3973
2956
1985
2843
4423
3313
4303
5673
5641
9825
2247
2303
7080
2230
8414
9254
6977
2604
8570
4974
4989
4978
30
9647
5929
561
9865
1790
3198
3216
9960
986
1582
1342
513
6946
3322
9908
3756
5849
4186
2065
5343
4320
3620
3999
8301
6439
2484
1284
5914
155
6667
8433
3734
1229
2062
562
8004
4661
3532
4842
2579
8023
7624
5873
4287
1568
7675
7312
7395
7714
177
7999
7267
6401
2066
6587
6487
4784
3198
3644
5284
9228
5456
1100
8438
6733
4397
3735
95
766
7424
6303
5881
859
7813
8627
3794
1684
8544
635
9697
6719
1449
5664
9419
6773
4550
4187
7611
1756
130
9092
7571
9923
3113
9669
7125
6852
1570
5055
8049
5631
2207
492
4723
2507
358
8317
6808
9804
956
6717
6997
1012
4139
3523
4584
7437
1939
5565
6729
8265
763
7773
9572
8256
5825
339
1630
8776
6337
6654
4853
6058
7410
4860
6133
4599
555
9430
8840
910
9600
8899
7138
7075
39
2930
3868
9691
7118
8959
9388
34
6949
9595
3596
2845
2870
2194
489
4459
6471
3468
3737
7257
6431
4882
9515
8385
3444
3474
3465
7796
1445
4709
627
3634
3376
1829
8503
7042
9182
7975
3849
5064
8167
925
9791
6061
8123
6758
9881
4224
271
6489
874
9191
6772
1952
4543
3751
4681
817
5012
8405
9861
8113
5010
5561
9506
8447
595
9286
8897
963
3643
4741
7722
2590
3459
5844
5979
4739
975
4049
1187
5919
1447
7805
6632
9191
6146
7900
1190
3271
5888
3004
3733
2577
6048
6018
7363
8199
8391
5655
3047
6934
4834
9094
4048
1557
9868
9768
5663
8343
895
2491
7712
992
6927
9952
2588
3352
2131
1821
7500
1778
9127
4222
6686
918
8073
2957
6708
7572
9428
2470
1747
8721
2729
3346
2243
7670
9893
9683
8809
9193
7375
840
4120
1088
3051
5935
6465
2157
9655
8875
7709
3841
3864
7793
6142
2715
372
9827
7641
626
1409
927
2851
3905
6189
797
4181
1089
7181
7714
2363
5222
983
3869
4560
6634
2236
8089
1822
759
8961
7743
6556
6709
7819
5992
9475
678
21
9999
2090
3699
9208
6024
4002
4480
9411
1256
6844
216
6690
3883
3899
8025
4085
7108
6710
346
7705
5184
1395
5853
8828
2381
7230
5391
8671
8895
4010
7125
1372
9927
3601
2200
1281
3050
5039
583
546
298
7727
2330
3612
875
2117
6909
7413
3826
257
619
633
9031
5532
299
619
3177
5325
9841
9665
8517
3869
6388
7030
790
3189
5705
8474
5770
9867
9564
7968
3926
6095
7108
9867
3446
8901
1609
8157
7458
7295
7915
651
5836
9269
2851
488
1932
9194
4553
4837
7443
9638
4933
617
3976
4502
9542
8752
6557
3574
3071
9425
7949
283
1041
3714
8057
316
9408
7039
6262
4005
3537
834
7097
4580
6120
5897
9552
8049
6014
3515
1168
8219
6620
7969
4481
8657
5460
6590
477
2680
8940
9839
680
9490
5293
923
7444
5206
2813
665
7501
6980
4914
6655
5812
171
4841
8371
5466
1994
6426
581
3189
2398
2773
8301
6096
3112
1535
9106
2266
3416
591
6128
9445
7355
6979
9708
9827
8368
9375
8367
4532
1898
1945
719
5889
4140
5096
5198
5739
3010
5464
5522
3847
5737
3151
3874
8221
6000
9589
4059
9186
2843
9907
2630
5308
2422
3985
489
1929
2021
2787
7224
5887
9756
8007
8704
8642
3256
7669
9040
8820
7146
674
5245
1591
3872
4228
571
8101
7926
2950
9476
1840
5655
6008
6710
3258
1121
3441
4147
825
4736
7838
1590
1094
6802
411
9085
7896
5067
4793
8645
5574
6272
7544
4482
6988
4951
5480
7287
8129
380
381
3360
2443
6751
4105
6890
7908
2188
8877
1971
6857
8279
3526
5948
7618
4012
95
1111
8791
4884
7694
7280
1325
3023
4766
8445
6215
1570
8143
1606
279
740
2307
8159
5713
2840
9207
7249
2972
4723
2460
7620
3731
5347
4330
644
8757
3887
2882
4357
815
2971
6176
5142
9602
1158
2901
3241
4827
9342
8541
9927
6473
4633
3922
4255
5184
4714
8360
5106
3514
4503
1842
7155
3040
7166
1329
1238
2566
1702
6260
5355
1880
6688
20
3594
343
8926
3487
951
7801
6563
272
1661
2264
8278
77
5369
1121
5288
2317
6070
7434
7054
8823
9536
1774
7482
4784
2983
2027
4465
8047
3602
9024
6259
6106
3922
8556
412
4873
9234
5721
4063
3212
9443
2120
7228
9749
9184
5666
8233
5774
6469
5741
680
9101
8389
1364
6929
5102
9580
5170
1423
5431
878
8275
5189
1178
3600
4759
9603
9021
7038
1251
4460
7876
1923
4073
4429
6341
4663
4573
92
497
2573
133
2454
6546
3811
4427
4241
6546
2676
4634
1127
2870
1387
2910
6883
9004
9559
2290
3449
435
1428
150
2601
4030
1522
8095
1948
2234
6622
4556
3850
768
2505
2331
5812
5366
8979
3291
245
7423
5968
905
6720
3002
4332
9508
9204
5315
1702
4021
116
1337
8403
5399
3958
244
8299
1983
9954
486
1151
6450
8326
5890
7606
3895
7766
2852
4396
7516
6092
5629
2477
4345
317
1581
7278
8259
1389
1738
2997
297
536
4453
5658
3093
8573
5055
729
3822
3922
5249
8326
5898
7747
5811
2137
6628
2511
6930
6315
9548
2392
7153
3432
8993
7810
7398
6167
9532
1068
1853
3851
1804
1980
6158
5455
7872
9489
5593
4991
263
8349
5598
6795
2195
4609
8493
9143
8531
9728
2382
9470
2902
8786
1339
7405
6439
9171
3619
1940
7335
8722
3810
5007
5665
1454
9727
4933
7777
389
9120
9064
2571
2587
6019
2670
5995
4438
3092
1892
7095
9265
9108
6896
4338
6789
2364
9169
1316
1322
3358
2603
2617
6666
647
6882
8362
8337
1887
7277
4379
416
4353
6236
8287
7853
8341
8686
5204
8719
7427
1941
5804
2450
6494
6032
3905
4667
6744
3598
331
9653
9305
2148
8553
8511
5571
6054
824
6954
9221
7739
5231
4712
6072
9746
5645
4805
4963
2827
2961
9063
6002
4831
1806
9285
7654
5310
3273
2266
9640
3440
6102
9821
9303
2101
5001
3625
1357
2885
7269
7160
7686
2318
7993
8318
3531
9587
8713
4165
4277
4935
9426
7868
6713
4416
5426
696
1144
5437
5830
5222
8707
4193
2121
2895
4380
2444
3301
5351
1012
1566
9274
1297
824
4905
3019
3668
5275
7819
8805
3920
6909
9082
8365
1546
1236
9130
5915
1754
8851
2309
283
2150
9166
7837
9983
4200
1827
8524
465
6561
3520
1078
933
258
2031
5898
4106
8942
9390
2236
84
4462
4512
448
5607
4833
3721
7997
6870
4794
7905
4340
4650
2443
8802
5347
1736
8404
4578
5486
9261
2933
676
7877
838
1098
7957
357
9667
1987
6305
5305
149
2967
3436
6826
2488
8416
350
3177
4052
7516
3966
2439
554
8217
8175
9237
391
4000
6242
887
7272
4043
6232
3731
5586
5095
5557
4982
7453
8750
5455
6195
6003
770
1872
6555
9929
7855
8636
1549
4430
2115
5158
9101
2249
9546
5320
957
1985
9268
1476
9994
3786
4669
6907
8299
4915
1940
7896
4784
2649
1115
1016
6992
1350
3830
7770
1463
192
2220
6498
1313
7863
3513
5623
8435
415
4643
3546
6692
575
9556
9375
6964
6221
2429
564
812
8980
8224
7670
2793
8913
6271
8630
9177
2992
5264
4679
5154
8907
3828
4427
4884
2385
6770
4462
6199
4579
8693
5061
9897
2415
4193
9597
9801
1944
6648
8068
7409
9445
3945
236
7122
1929
8321
1393
6013
5951
1189
513
5843
2408
2273
9019
4170
9608
4490
4377
7049
8827
4205
9228
5040
8289
1170
1629
6821
8768
624
5114
3127
5701
6651
6702
3013
870
77
4993
4434
591
6498
4491
8468
4595
8896
7501
2453
6340
9543
494
3722
5105
442
644
3091
5153
1751
6890
2715
1717
5549
7954
5956
9355
1521
3684
3933
3557
6208
4231
5241
3852
5579
255
9146
7884
7168
5110
3017
6780
4813
9607
1010
7737
2980
2139
9379
5876
6935
1510
9914
3908
4176
6204
5260
8114
9643
6676
6215
5466
4583
4956
7307
7632
6249
1218
9695
7353
9555
4986
7970
5749
2539
3758
5927
1048
9385
6462
17
4588
1058
5558
4681
8750
6465
4142
1284
1119
3349
8150
131
9763
7482
8176
2019
4274
8381
3268
5611
5506
6374
3115
1793
9818
1854
6388
3408
9672
9279
604
1229
2251
5234
3044
2493
4603
7300
7488
3103
9996
9854
9394
5120
1023
4585
2063
8071
4459
4263
8903
8614
168
9805
6961
3204
6247
8744
8553
7027
6023
3448
4461
9820
4812
8988
6748
3525
6944
9305
376
7242
6271
5613
8029
2751
7056
2983
629
3530
4926
9221
4351
5644
3354
8384
2072
2521
2710
8033
9263
44
455
5491
1031
8766
1101
2542
4904
4642
2788
8263
5485
276
2049
1180
4291
6162
4094
4989
6036
8188
7324
5793
3867
562
4064
9868
7540
115
138
4692
9170
4594
9123
8604
8914
7230
4549
1417
780
4713
4198
1109
8278
9558
9807
4928
7423
5700
4186
2259
4052
851
4802
3118
9803
8862
7399
6182
1817
3396
5158
5858
2761
7516
4477
9503
8301
9590
706
7079
675
8462
3532
3911
9292
8310
2159
6217
2771
5143
201
317
2297
5744
1968
9159
6804
7889
4271
8491
3042
5095
2405
2896
8810
9220
7718
5563
3772
2724
3573
9450
9809
1860
2480
7656
10
2242
2720
8091
6747
6084
2180
5263
9366
4829
1969
901
2288
4197
6720
2648
8500
9984
9147
7002
8985
7298
7445
7418
7426
5622
5939
7251
8521
1767
906
7399
492
488
2073
4151
7154
5626
1327
1597
8144
2316
4440
351
5412
928
8156
1671
9610
861
5741
1740
7560
6080
3902
142
3323
5442
1209
637
2917
6330
3856
3267
6116
4163
5241
35
165
9255
9390
7667
7571
416
3438
8193
3323
4595
6944
2744
5336
5473
1415
9655
3696
4381
1175
2731
8952
5644
6553
2175
6293
4810
7404
3567
6024
3933
3069
7189
9617
1070
2175
5508
5372
2441
5907
3232
6540
5554
2034
5824
9318
4390
5767
9294
542
1345
6544
1455
3583
4373
9663
3524
2852
4475
886
6571
4200
8135
401
865
9064
9465
3471
8407
1046
2870
8639
7590
9081
1639
9616
8923
1001
6484
7756
8395
9991
4249
4783
8358
4558
4955
1576
7523
1545
26
5064
2202
6929
5929
1912
6350
8872
1074
398
2416
2328
7321
8774
2803
6600
6823
8978
5229
385
8472
3782
6202
7395
5567
5929
2960
8987
2021
2022
924
5032
7972
9617
3709
2510
4260
5295
9318
6102
2053
5666
6348
1855
3695
2801
37
5951
6847
2813
610
8597
6705
3010
4568
2197
6217
2650
6348
3772
6387
1529
5080
3697
8752
7910
8882
7593
7722
7554
9663
6614
6818
8625
7825
1641
2869
7115
543
9726
4635
6721
62
230
7608
3405
4113
3605
3526
1586
628
8337
9611
7162
5037
701
6117
9460
9137
2533
8541
7630
4113
9357
5207
8327
1421
8571
9594
2973
9121
8675
6028
7613
2991
1160
9045
832
2077
4847
47
1524
4731
8074
8092
7780
138
6894
6899
7134
5906
9400
951
1755
2858
9843
8338
6263
6544
1118
3890
6144
1417
118
5129
4114
6542
3820
677
4153
2137
1913
2817
9407
5365
474
9197
6232
6701
5600
83
1200
7697
3096
504
1439
8559
6271
4247
807
9044
9243
5824
4232
3573
391
6251
3274
874
7235
36
773
2090
9590
8546
4250
4329
851
8316
8058
2934
8870
6999
8433
753
17
9431
2514
8296
8972
1507
4822
1922
8996
171
4255
9821
2317
8743
4252
2487
4030
6168
8130
8442
3256
8030
9379
2402
5817
5339
5838
6014
2173
1627
5177
1349
8556
1444
9967
9988
9533
7117
1263
7498
5060
1619
1149
22
7679
6341
7200
245
4790
8857
2314
5680
9076
873
8506
2944
9492
797
2880
7225
4925
6784
9265
5650
7104
6395
4443
5348
1294
154
6253
7536
6057
2259
2050
9487
4522
1596
5944
3699
3108
3938
636
496
3861
1474
2266
9589
4922
9818
4675
9855
9041
2647
2178
2263
872
4535
8654
7266
8973
1683
8212
8917
7988
3759
7369
7612
4825
373
6150
9650
9615
5533
744
8685
9474
6312
997
8873
9464
6426
3773
6814
2057
4425
4491
3292
6520
7774
9163
1939
9941
9418
15
9609
5026
9500
4858
3217
7944
844
1833
1071
3423
6984
874
3186
3081
88
1578
2527
6778
8777
6886
4209
505
1524
9109
7076
7322
8777
506
9025
2325
3065
7064
3877
9526
5137
2778
1493
4483
153
6806
1295
9636
8828
5526
2107
8571
83
9532
629
41
178
1680
1434
4227
4908
7598
9594
1188
5714
9659
5898
1361
4419
2795
5231
1544
5380
4685
4794
5637
5204
833
7676
7334
8290
3881
783
8464
925
3333
6749
6011
4172
2094
2944
3365
3407
4201
6013
1915
7026
9269
7535
666
1116
3866
2731
1218
2643
4841
3372
6126
7896
5559
2893
1546
494
972
4367
3229
7962
8024
3540
4718
5913
2459
3152
3838
5897
7994
5711
9288
6156
3528
7444
5711
1684
7510
1402
885
753
4300
1215
2383
3994
934
8976
2736
7786
1608
2688
8021
3037
7626
7090
4805
5516
2852
333
7216
9101
4741
5924
2078
2449
9152
7430
5989
8832
2222
4275
9741
9083
291
8781
7547
4498
7405
2907
9995
9120
3198
8098
1417
137
2592
6681
408
6685
2433
7034
8586
1148
2870
5785
5520
6958
4855
9886
5841
9547
753
5446
7702
3085
3531
2950
4544
443
9721
7678
5908
5330
4755
2634
9939
599
5403
2315
9563
5300
5924
8118
2130
5094
378
7756
2421
9770
5934
2011
605
1585
4633
8263
8469
9790
5011
6111
9132
5939
9295
9872
1718
7270
5375
6051
2994
1847
1487
1746
5816
6516
8890
7225
6592
1122
2721
360
8343
7863
1750
7637
5558
5904
9799
3932
5365
2808
9280
8011
6484
3468
5706
1654
1842
2849
14
1483
761
9922
772
8203
6010
9886
9130
5091
1911
8053
2738
3216
3842
3231
287
4830
3906
3306
311
6024
7370
1060
770
2575
9415
6338
3415
5578
5907
752
9463
2833
9865
9751
6158
9542
3959
2272
3137
5315
6069
6248
2693
9066
4793
8908
9141
8509
4431
9739
3698
242
7420
3383
4165
237
1334
3296
768
5111
7885
2420
2405
1121
2531
1667
4263
9988
9829
7355
765
8306
4267
9119
337
5379
1903
9579
6093
6267
8134
8460
9408
7969
2602
2109
8887
7884
5594
8868
8543
2459
6016
8492
7739
4632
8128
9662
1945
4309
8684
791
52
1555
3880
219
7014
5434
3103
9453
3040
1815
4094
8748
9043
2046
2216
9547
7409
447
340
398
2185
7036
6828
1857
3475
6801
8083
8292
1381
7195
5395
6766
3748
1200
2278
1526
589
9455
8148
6734
4374
7606
2330
9036
4527
1625
2947
8082
7925
231
9135
8289
4501
7886
4441
9534
32
634
9911
946
797
2920
4398
9703
4987
1202
6615
5767
8888
4665
7507
1688
3785
496
6276
1645
6026
3181
8812
6779
1954
7892
3460
6132
1542
1638
9682
6777
4393
7014
5895
9169
5168
2532
8048
6815
4986
9862
3889
4459
4869
7609
8980
1169
4838
6717
9527
1311
5064
7423
5758
4992
6530
5434
5930
8816
3514
6271
9828
4129
110
4416
9350
5423
9576
6643
4872
771
1664
7020
6444
4560
6187
657
2856
3982
8500
9794
6175
1415
9620
1304
103
4138
8374
9194
5774
7403
9951
1225
5752
7188
7971
5442
8985
7801
3478
8795
3698
5253
6272
2188
8191
521
6031
9771
9653
8164
8932
9957
9187
8539
4589
1132
3692
9131
3966
1320
7817
3576
6974
4066
3826
200
2206
1137
2519
9125
4373
9119
3460
8625
6083
1443
8458
3087
3749
2648
1700
6481
7320
8383
4493
9353
4514
3378
3545
3655
6673
7895
5211
4795
4990
8765
2270
4303
4116
9777
5102
5350
5535
7102
9882
3750
6601
5638
8716
9397
1483
1581
3917
9775
1750
5591
3815
8478
1012
5671
6949
5464
4711
9191
277
3680
2669
3747
4416
8796
8155
8281
6697
3305
5288
2784
3304
1230
5854
5597
1815
5030
1309
5177
5778
8133
6450
7715
3054
5712
7588
1065
7881
4129
6243
5599
5802
5049
4856
9046
2755
8412
9483
1049
681
9828
9851
3807
8175
8795
1534
4103
2550
2906
4234
7077
539
4693
6711
7125
3136
1627
8730
6916
8173
7671
4840
2873
5541
8779
785
8026
1646
6674
9193
1567
683
9873
7533
8296
1808
5036
8428
9646
4189
3271
8413
8731
8706
3808
7788
5924
4070
811
9072
2341
2027
2750
1630
8802
1331
8411
8043
9436
8422
5929
4681
8364
2113
7325
6968
6892
8526
1121
6318
6782
3226
551
1464
5192
4447
104
6661
1634
9632
6862
347
2458
5521
812
985
3644
305
8151
5978
9423
7033
2135
6347
2983
5325
3683
9253
9244
5819
6906
546
894
5730
9626
1637
2820
1456
4457
4273
9839
9742
4262
8184
6657
5264
7464
147
8726
905
4503
9215
950
2182
3576
912
5740
258
7412
5283
6692
5482
5791
6156
3273
8604
3458
6644
7820
8239
5967
8252
5731
3407
5956
2468
7585
1556
9508
9629
3026
3760
9827
2874
4152
6702
9889
2797
1677
7796
8829
591
3072
7656
7158
3482
8269
1543
1691
9167
1431
2569
2072
4327
7130
5654
9775
5833
4107
8952
976
3856
4938
5735
1132
497
1935
666
3821
8706
2924
6817
8260
8008
8968
8054
8826
9271
9215
9964
2089
7038
3475
8274
7021
8280
2658
4976
2536
5442
2590
9096
6182
5187
4562
3681
8136
7357
7383
4774
2859
9847
3623
6892
6745
8623
3432
8837
6579
2827
9545
8840
4831
8146
7395
9502
5206
291
6734
9601
8050
4853
7750
5919
1307
9024
81
3302
6602
5683
7284
4847
2337
3251
9619
7042
7583
325
5122
177
970
8817
5995
3070
1203
2846
6874
240
4225
3670
6190
3900
9925
9758
3131
1246
7320
6626
6163
8305
8562
8839
9919
4432
9040
5033
860
716
6093
994
3079
2719
9359
2236
3672
3848
6917
9818
3012
9041
4915
6377
7328
8172
9836
727
9411
6757
6911
83
508
8067
1128
8901
9283
7142
4138
4718
6087
1166
8590
2862
8686
1810
3866
3336
5867
160
6885
8753
4409
7643
5618
4045
5413
4436
7869
6974
8035
4942
9322
9144
9419
1921
9446
6823
162
9059
2011
3390
5004
4915
759
2636
9970
6460
8666
407
482
4584
8879
6988
3236
1452
9667
9872
3323
545
2257
3379
2884
6556
5862
2993
5583
4194
5328
2869
680
4278
7129
1411
3155
2548
5321
6200
6603
4082
8392
3279
3091
9776
4770
1552
6471
7849
6111
1223
8278
2087
2774
852
643
9594
2700
5905
9211
1094
5150
2114
1328
3062
9373
8420
182
4824
3959
1605
3439
2358
8429
6317
3310
5034
6043
6906
4563
2525
2764
6688
9948
751
4244
5692
3691
1767
6175
8344
3152
2738
5058
8895
4689
7282
6822
1836
4604
7918
2660
6851
9200
7911
2526
9899
7355
2908
940
8534
4705
4285
5708
8581
4402
7340
8648
4750
7093
375
8718
3521
7743
2282
1741
9406
8286
9521
3833
1855
692
7305
1308
1428
9980
9331
1665
4759
3280
2472
1974
1633
6392
6675
2360
9383
2647
6703
9810
8869
3224
1551
8756
5984
9278
2312
161
6100
9061
1289
6357
1679
948
8591
7620
6849
2702
4807
56
9815
7884
104
6341
9582
776
3235
394
9375
6492
7217
1141
5804
7303
6729
9446
2983
9775
1495
9653
6984
2641
1654
1884
2315
397
8992
7732
7214
2079
3997
4854
9708
6613
843
3643
9836
127
3957
7725
718
4012
3482
6322
2241
4049
4561
7673
9252
5567
1507
1261
9932
6791
6017
8577
2366
746
4245
229
9765
9999
5069
1913
9416
1618
9251
1279
6731
1170
6543
4196
3359
8864
472
1074
3375
1629
8206
1130
4453
7856
7711
6235
5481
7321
2838
9676
8453
7706
3289
3866
8081
9091
2013
1089
8345
4448
3828
6431
487
3376
3354
5234
7047
9487
1335
6227
3120
6387
7772
2336
1767
2997
7261
9823
6706
6328
5344
7693
3037
3658
9337
8715
2895
5031
3987
6593
684
7486
1266
7100
7573
5475
9570
9639
3483
9310
4180
8803
8055
3311
3110
4767
4465
1994
7843
488
3426
9569
4915
5610
9780
8191
3366
7547
6083
9321
5791
3795
5226
8702
3144
6243
5322
340
8674
4157
2501
8984
7032
4085
6967
9502
7368
6929
3652
4646
8172
1073
2379
7297
5514
2532
5705
1542
1416
9996
9688
5278
1058
5824
6992
5308
6437
6880
8325
9820
2996
7510
4360
5006
4131
5496
2516
1430
5001
9217
4241
7393
205
7029
9778
213
9042
9590
3271
8866
1734
9100
8782
8593
603
9410
4660
2956
9012
2834
3366
959
1326
3091
3073
7328
9658
8388
5964
3050
9181
5927
6665
8626
8414
9165
1076
4855
